TARGET_START,TARGET_STOP,SOURCE_START,SOURCE_STOP
1,231,231,11,498,501,FALSE
1,146,146,1,144,145,FALSE
1,146,146,2,176,179,FALSE
1,75,76,2,496,499,FALSE
1,75,76,5,142,143,FALSE
1,213,214,9,816,818,FALSE
1,75,76,10,680,684,FALSE
1,231,231,1,242,246,FALSE
1,241,243,7,162,165,FALSE
1,43,43,6,290,294,FALSE
1,75,76,3,641,644,FALSE
1,75,76,10,204,206,FALSE
1,75,76,6,587,591,FALSE
1,75,76,10,362,368,FALSE
1,241,243,3,463,469,FALSE
1,241,243,11,139,141,FALSE
1,75,76,12,923,925,FALSE
1,146,146,11,603,607,FALSE
1,231,231,11,887,890,FALSE
1,231,231,11,346,351,FALSE
1,75,76,4,417,418,FALSE
1,75,76,7,540,544,FALSE
1,75,76,2,203,205,FALSE
1,241,243,6,798,800,FALSE
1,146,146,12,681,683,FALSE
1,43,43,4,504,507,FALSE
1,43,43,6,190,192,FALSE
1,146,146,7,568,571,FALSE
1,146,146,7,27,28,FALSE
1,146,146,5,852,853,FALSE
1,231,231,1,656,656,FALSE
1,146,146,1,691,694,FALSE
1,74,75,4,524,528,FALSE
1,305,305,5,268,272,FALSE
1,231,231,10,689,690,FALSE
1,146,146,3,448,451,FALSE
1,146,146,2,10,13,FALSE
1,146,146,9,556,558,FALSE
1,146,146,7,458,459,FALSE
1,146,146,2,379,381,FALSE
1,146,146,12,908,912,FALSE
1,146,146,2,571,574,FALSE
1,213,214,2,304,308,FALSE
1,146,146,3,420,423,FALSE
1,146,146,5,375,377,FALSE
1,43,43,10,167,169,FALSE
1,261,261,2,8,9,FALSE
1,75,76,10,290,293,FALSE
1,261,261,8,657,658,FALSE
1,146,146,9,783,785,FALSE
1,146,146,6,413,414,FALSE
1,75,76,5,235,238,FALSE
1,231,231,11,690,698,FALSE
1,231,231,12,513,520,FALSE
1,231,231,5,662,663,FALSE
1,75,76,8,86,89,FALSE
1,241,243,12,270,276,FALSE
1,146,146,3,175,178,FALSE
1,146,146,2,241,243,FALSE
1,241,243,1,223,226,FALSE
1,75,76,7,759,760,FALSE
1,261,261,9,727,732,FALSE
1,146,146,1,189,191,FALSE
1,231,231,10,148,153,FALSE
1,261,261,12,845,848,FALSE
1,146,146,7,626,627,FALSE
1,146,146,7,318,319,FALSE
1,146,146,10,74,76,FALSE
1,75,76,12,928,931,FALSE
1,43,43,9,717,719,FALSE
1,241,243,6,205,209,FALSE
1,241,243,8,603,605,FALSE
1,241,243,7,626,627,FALSE
1,146,146,6,53,54,FALSE
1,75,76,3,575,577,FALSE
1,75,76,5,13,13,FALSE
1,146,146,6,426,429,FALSE
1,231,231,9,727,732,FALSE
1,75,76,6,14,17,FALSE
1,241,243,10,693,701,FALSE
1,75,76,3,548,550,FALSE
1,146,146,9,410,411,FALSE
1,146,146,12,529,532,FALSE
1,231,231,5,493,494,FALSE
1,261,261,1,89,89,FALSE
1,75,76,12,704,707,FALSE
1,75,76,7,197,198,FALSE
1,231,231,9,722,726,FALSE
1,75,76,7,64,67,FALSE
1,231,231,8,451,451,FALSE
1,146,146,5,127,128,FALSE
1,75,76,6,6,8,FALSE
1,38,39,12,720,722,FALSE
1,146,146,8,492,493,FALSE
1,75,76,7,462,466,FALSE
1,241,243,3,27,29,FALSE
1,146,146,5,731,733,FALSE
1,146,146,12,341,342,FALSE
1,241,243,5,213,217,FALSE
1,146,146,3,192,195,FALSE
1,146,146,5,8,11,FALSE
1,231,231,12,548,552,FALSE
1,146,146,2,342,346,FALSE
1,231,231,3,291,293,FALSE
1,38,39,11,81,84,FALSE
1,146,146,12,369,370,FALSE
1,146,146,11,135,138,FALSE
1,75,76,7,682,685,FALSE
1,75,76,11,755,756,FALSE
1,146,146,12,372,373,FALSE
1,146,146,3,543,545,FALSE
1,241,243,12,788,790,FALSE
1,241,243,1,699,700,FALSE
1,75,76,1,586,587,FALSE
1,146,146,5,239,242,FALSE
1,146,146,4,543,546,FALSE
1,146,146,9,263,266,FALSE
1,231,231,10,339,341,FALSE
1,241,243,4,584,585,FALSE
1,241,243,9,459,460,FALSE
1,241,243,9,808,811,FALSE
1,146,146,1,613,614,FALSE
1,225,225,3,369,373,FALSE
1,146,146,8,630,634,FALSE
1,241,243,4,206,210,FALSE
1,241,243,9,603,606,FALSE
1,72,72,7,199,204,FALSE
1,75,76,10,267,269,FALSE
1,43,43,1,34,37,FALSE
1,75,76,5,819,819,FALSE
1,231,231,9,569,576,FALSE
1,305,305,9,229,230,FALSE
1,146,146,11,24,28,FALSE
1,139,140,4,223,226,FALSE
1,75,76,1,427,429,FALSE
1,75,76,5,843,843,FALSE
1,231,231,12,521,525,FALSE
1,241,243,12,383,386,FALSE
1,231,231,9,702,708,FALSE
1,146,146,10,794,795,FALSE
1,231,231,10,405,408,FALSE
1,146,146,4,443,444,FALSE
1,146,146,8,556,557,FALSE
1,75,76,3,284,285,FALSE
1,146,146,9,677,678,FALSE
1,305,305,11,659,663,FALSE
1,75,76,2,209,211,FALSE
1,231,231,6,333,336,FALSE
1,146,146,8,86,89,FALSE
1,146,146,2,736,740,FALSE
1,75,76,1,142,143,FALSE
1,231,231,10,777,780,FALSE
1,241,243,5,323,326,FALSE
1,146,146,9,44,46,FALSE
1,43,43,7,107,111,FALSE
1,75,76,10,803,808,FALSE
1,241,243,7,462,466,FALSE
1,146,146,10,870,872,FALSE
1,146,146,12,666,668,FALSE
1,146,146,4,376,378,FALSE
1,146,146,9,327,328,FALSE
1,75,76,12,521,525,FALSE
1,231,231,10,166,166,FALSE
1,146,146,10,336,337,FALSE
1,241,243,11,690,698,FALSE
1,81,81,11,454,458,FALSE
1,227,227,8,477,477,FALSE
1,43,43,7,15,20,FALSE
1,75,76,11,135,138,FALSE
1,241,243,10,303,307,FALSE
1,38,39,11,8,11,FALSE
1,81,81,10,204,206,FALSE
1,231,231,5,605,608,FALSE
1,146,146,11,104,104,FALSE
1,43,43,7,456,457,FALSE
1,75,76,5,213,217,FALSE
1,43,43,11,255,259,FALSE
1,261,261,10,159,162,FALSE
1,139,140,6,587,591,FALSE
1,75,76,10,405,408,FALSE
1,231,231,11,872,875,FALSE
1,75,76,1,242,246,FALSE
1,75,76,10,166,166,FALSE
1,146,146,2,615,616,FALSE
1,75,76,7,228,230,FALSE
1,231,231,12,298,300,FALSE
1,241,243,12,494,499,FALSE
1,146,146,9,771,776,FALSE
1,146,146,12,50,51,FALSE
1,208,210,6,201,204,FALSE
1,146,146,7,664,665,FALSE
1,146,146,3,132,134,FALSE
1,146,146,6,110,111,FALSE
1,146,146,12,116,119,FALSE
1,75,76,7,21,24,FALSE
1,146,146,3,309,309,FALSE
1,146,146,10,687,688,FALSE
1,75,76,1,42,45,FALSE
1,75,76,9,22,24,FALSE
1,146,146,9,722,726,FALSE
1,146,146,5,535,538,FALSE
1,43,43,5,681,684,FALSE
1,75,76,6,724,727,FALSE
1,231,231,7,166,168,FALSE
1,75,76,6,640,641,FALSE
1,231,231,7,341,345,FALSE
1,38,39,11,633,635,FALSE
1,146,146,5,323,326,FALSE
1,146,146,2,774,774,FALSE
1,146,146,3,596,598,FALSE
1,146,146,7,533,534,FALSE
1,75,76,5,140,141,FALSE
1,146,146,11,887,890,FALSE
1,231,231,1,738,740,FALSE
1,241,243,2,209,211,FALSE
1,241,243,12,4,8,FALSE
1,75,76,7,394,396,FALSE
1,241,243,7,698,702,FALSE
1,43,43,3,429,432,FALSE
1,74,75,6,795,797,FALSE
1,75,76,10,101,103,FALSE
1,75,76,7,797,800,FALSE
1,231,231,10,747,751,FALSE
1,146,146,4,388,391,FALSE
1,146,146,4,131,132,FALSE
1,146,146,7,565,567,FALSE
1,231,231,4,298,299,FALSE
1,231,231,7,102,106,FALSE
1,74,75,5,525,528,FALSE
1,146,146,10,125,126,FALSE
1,215,216,9,668,671,FALSE
1,81,81,4,175,177,FALSE
1,231,231,9,80,83,FALSE
1,43,43,11,736,740,FALSE
1,231,231,1,220,222,FALSE
1,306,306,9,539,541,FALSE
1,75,76,1,535,538,FALSE
1,75,76,9,80,83,FALSE
1,146,146,1,446,449,FALSE
1,241,243,11,648,651,FALSE
1,75,76,6,322,324,FALSE
1,146,146,11,561,562,FALSE
1,146,146,10,888,891,FALSE
1,146,146,9,404,408,FALSE
1,75,76,7,523,527,FALSE
1,146,146,1,192,193,FALSE
1,146,146,1,621,622,FALSE
1,146,146,2,94,96,FALSE
1,146,146,5,258,262,FALSE
1,146,146,8,560,565,FALSE
1,146,146,8,685,688,FALSE
1,146,146,6,143,144,FALSE
1,146,146,11,652,652,FALSE
1,146,146,11,774,775,FALSE
1,146,146,2,771,773,FALSE
1,146,146,9,691,693,FALSE
1,231,231,3,1,8,FALSE
1,146,146,4,483,486,FALSE
1,37,37,4,314,319,FALSE
1,146,146,5,311,313,FALSE
1,241,243,10,315,316,FALSE
1,241,243,9,359,364,FALSE
1,231,231,3,561,562,FALSE
1,146,146,10,433,434,FALSE
1,75,76,12,409,410,FALSE
1,75,76,8,554,555,FALSE
1,231,231,5,202,204,FALSE
1,146,146,6,171,174,FALSE
1,75,76,2,379,381,FALSE
1,231,231,2,254,259,FALSE
1,81,81,9,149,152,FALSE
1,146,146,6,278,281,FALSE
1,146,146,6,100,101,FALSE
1,75,76,3,619,620,FALSE
1,146,146,10,373,374,FALSE
1,261,261,5,721,721,FALSE
1,38,39,7,540,544,FALSE
1,38,39,2,209,211,FALSE
1,146,146,11,690,698,FALSE
1,72,72,9,420,421,FALSE
1,231,231,11,655,658,FALSE
1,146,146,4,198,202,FALSE
1,146,146,5,244,248,FALSE
1,146,146,5,424,425,FALSE
1,42,43,7,712,717,FALSE
1,231,231,12,379,382,FALSE
1,146,146,12,183,190,FALSE
1,146,146,8,595,596,FALSE
1,146,146,3,313,314,FALSE
1,75,76,5,613,615,FALSE
1,146,146,7,750,751,FALSE
1,146,146,6,331,332,FALSE
1,261,261,9,110,112,FALSE
1,231,231,9,146,147,FALSE
1,241,243,8,213,216,FALSE
1,231,231,12,505,508,FALSE
1,231,231,2,612,614,FALSE
1,43,43,12,116,119,FALSE
1,231,231,6,33,36,FALSE
1,42,43,6,826,829,FALSE
1,75,76,10,230,234,FALSE
1,231,231,10,753,754,FALSE
1,43,43,1,97,101,FALSE
1,213,214,7,462,466,FALSE
1,146,146,12,869,871,FALSE
1,75,76,7,659,663,FALSE
1,192,193,7,373,377,FALSE
1,75,76,11,36,38,FALSE
1,213,214,5,867,871,FALSE
1,146,146,2,577,580,FALSE
1,155,155,7,199,204,FALSE
1,43,43,7,251,258,FALSE
1,146,146,5,293,296,FALSE
1,75,76,1,162,164,FALSE
1,43,43,4,494,497,FALSE
1,43,43,2,471,475,FALSE
1,75,76,9,668,671,FALSE
1,146,146,4,672,674,FALSE
1,231,231,10,322,323,FALSE
1,146,146,1,477,478,FALSE
1,146,146,9,411,413,FALSE
1,146,146,10,345,348,FALSE
1,146,146,10,522,523,FALSE
1,146,146,11,673,675,FALSE
1,146,146,11,747,749,FALSE
1,146,146,12,772,773,FALSE
1,146,146,12,923,925,FALSE
1,75,76,3,207,208,FALSE
1,75,76,4,583,583,FALSE
1,146,146,11,336,342,FALSE
1,146,146,1,93,94,FALSE
1,261,261,12,669,671,FALSE
1,208,210,10,633,635,FALSE
1,146,146,11,288,290,FALSE
1,146,146,3,47,48,FALSE
1,75,76,1,607,610,FALSE
1,75,76,7,98,101,FALSE
1,146,146,1,60,63,FALSE
1,146,146,6,1,2,FALSE
1,146,146,12,471,472,FALSE
1,75,76,7,736,743,FALSE
1,75,76,9,75,76,FALSE
1,146,146,11,49,50,FALSE
1,75,76,3,662,665,FALSE
1,146,146,10,777,780,FALSE
1,231,231,9,418,419,FALSE
1,231,231,12,331,333,FALSE
1,43,43,2,460,465,FALSE
1,146,146,10,488,489,FALSE
1,146,146,3,463,469,FALSE
1,146,146,2,624,625,FALSE
1,146,146,3,1,8,FALSE
1,146,146,1,753,755,FALSE
1,74,75,5,124,126,FALSE
1,75,76,6,333,336,FALSE
1,241,243,3,192,195,FALSE
1,241,243,5,8,11,FALSE
1,146,146,12,222,228,FALSE
1,231,231,10,693,701,FALSE
1,231,231,7,752,755,FALSE
1,146,146,2,31,32,FALSE
1,146,146,12,707,709,FALSE
1,241,243,6,302,304,FALSE
1,43,43,5,439,442,FALSE
1,75,76,5,218,219,FALSE
1,146,146,5,337,338,FALSE
1,241,243,9,30,32,FALSE
1,81,81,11,741,744,FALSE
1,146,146,9,201,204,FALSE
1,231,231,7,723,730,FALSE
1,43,43,5,258,262,FALSE
1,146,146,11,785,790,FALSE
1,75,76,4,642,647,FALSE
1,231,231,11,562,563,FALSE
1,146,146,10,495,499,FALSE
1,231,231,10,345,348,FALSE
1,75,76,3,420,423,FALSE
1,192,193,10,445,448,FALSE
1,75,76,6,171,174,FALSE
1,261,261,6,866,866,FALSE
1,146,146,10,180,181,FALSE
1,146,146,3,69,71,FALSE
1,146,146,9,146,147,FALSE
1,75,76,2,418,419,FALSE
1,261,261,4,522,524,FALSE
1,75,76,5,525,528,FALSE
1,75,76,8,416,422,FALSE
1,241,243,3,662,665,FALSE
1,146,146,2,681,684,FALSE
1,146,146,3,594,595,FALSE
1,146,146,11,416,418,FALSE
1,241,243,8,190,192,FALSE
1,231,231,12,417,419,FALSE
1,146,146,9,781,781,FALSE
1,146,146,10,143,145,FALSE
1,75,76,2,759,759,FALSE
1,146,146,8,729,731,FALSE
1,146,146,9,709,709,FALSE
1,146,146,10,241,243,FALSE
1,146,146,10,482,485,FALSE
1,109,109,11,218,219,FALSE
1,213,214,5,626,629,FALSE
1,226,226,5,624,625,FALSE
1,146,146,8,666,670,FALSE
1,75,76,9,117,120,FALSE
1,146,146,11,775,777,FALSE
1,146,146,10,429,430,FALSE
1,146,146,10,730,731,FALSE
1,231,231,4,143,146,FALSE
1,220,221,10,241,243,FALSE
1,146,146,2,647,649,FALSE
1,146,146,5,763,764,FALSE
1,75,76,12,473,477,FALSE
1,43,43,6,728,729,FALSE
1,43,43,1,430,435,FALSE
1,146,146,9,811,812,FALSE
1,146,146,9,371,374,FALSE
1,146,146,9,612,613,FALSE
1,146,146,9,808,811,FALSE
1,146,146,10,835,836,FALSE
1,146,146,3,630,638,FALSE
1,43,43,10,495,499,FALSE
1,75,76,12,138,141,FALSE
1,146,146,10,272,275,FALSE
1,75,76,3,190,191,FALSE
1,75,76,8,391,392,FALSE
1,241,243,4,417,418,FALSE
1,146,146,10,543,544,FALSE
1,75,76,5,763,764,FALSE
1,146,146,7,538,539,FALSE
1,146,146,12,270,276,FALSE
1,146,146,4,10,11,FALSE
1,146,146,12,867,868,FALSE
1,146,146,3,172,174,FALSE
1,146,146,5,439,442,FALSE
1,146,146,12,598,603,FALSE
1,146,146,5,505,506,FALSE
1,146,146,12,251,256,FALSE
1,75,76,4,256,258,FALSE
1,146,146,4,50,53,FALSE
1,261,261,3,585,587,FALSE
1,146,146,7,503,504,FALSE
1,146,146,5,838,841,FALSE
1,75,76,11,715,720,FALSE
1,146,146,11,615,617,FALSE
1,146,146,11,648,651,FALSE
1,75,76,7,723,730,FALSE
1,75,76,12,251,256,FALSE
1,241,243,12,704,707,FALSE
1,75,76,2,780,782,FALSE
1,146,146,1,242,246,FALSE
1,146,146,1,488,489,FALSE
1,146,146,9,500,502,FALSE
1,146,146,10,175,178,FALSE
1,241,243,2,615,616,FALSE
1,146,146,7,789,792,FALSE
1,146,146,11,655,658,FALSE
1,42,43,6,692,693,FALSE
1,75,76,10,763,767,FALSE
1,146,146,10,817,819,FALSE
1,213,214,11,297,299,FALSE
1,146,146,2,434,436,FALSE
1,146,146,8,624,625,FALSE
1,146,146,4,471,473,FALSE
1,146,146,2,550,553,FALSE
1,146,146,5,365,367,FALSE
1,146,146,6,520,524,FALSE
1,146,146,9,347,348,FALSE
1,146,146,11,8,11,FALSE
1,146,146,12,90,91,FALSE
1,75,76,3,124,127,FALSE
1,146,146,7,417,418,FALSE
1,146,146,2,228,231,FALSE
1,38,39,2,274,279,FALSE
1,75,76,5,592,595,FALSE
1,146,146,2,103,104,FALSE
1,146,146,8,424,425,FALSE
1,75,76,5,124,126,FALSE
1,75,76,12,577,578,FALSE
1,43,43,11,483,485,FALSE
1,81,81,7,475,478,FALSE
1,146,146,8,511,513,FALSE
1,146,146,10,185,188,FALSE
1,146,146,8,416,422,FALSE
1,75,76,8,238,240,FALSE
1,75,76,10,264,266,FALSE
1,241,243,11,578,580,FALSE
1,146,146,5,90,93,FALSE
1,146,146,6,136,138,FALSE
1,146,146,8,276,278,FALSE
1,146,146,12,766,771,FALSE
1,261,261,2,360,360,FALSE
1,146,146,10,445,448,FALSE
1,146,146,11,461,462,FALSE
1,241,243,3,270,271,FALSE
1,146,146,11,487,491,FALSE
1,146,146,11,86,87,FALSE
1,146,146,7,351,353,FALSE
1,146,146,11,715,720,FALSE
1,146,146,7,86,91,FALSE
1,146,146,4,276,278,FALSE
1,146,146,1,275,277,FALSE
1,146,146,2,416,418,FALSE
1,146,146,2,687,688,FALSE
1,146,146,3,169,170,FALSE
1,146,146,5,39,41,FALSE
1,146,146,5,235,238,FALSE
1,146,146,7,35,36,FALSE
1,146,146,7,429,431,FALSE
1,146,146,8,541,544,FALSE
1,146,146,7,787,788,FALSE
1,81,81,2,446,447,FALSE
1,146,146,9,386,389,FALSE
1,146,146,10,352,354,FALSE
1,146,146,7,516,518,FALSE
1,75,76,3,572,574,FALSE
1,75,76,7,32,34,FALSE
1,146,146,7,528,530,FALSE
1,296,296,11,618,619,FALSE
1,241,243,11,858,862,FALSE
1,81,81,12,861,866,FALSE
1,146,146,7,385,391,FALSE
1,146,146,4,140,141,FALSE
1,226,226,6,533,534,FALSE
1,146,146,5,431,432,FALSE
1,231,231,12,4,8,FALSE
1,146,146,10,892,894,FALSE
1,231,231,4,133,135,FALSE
1,146,146,10,877,877,FALSE
1,74,75,11,36,38,FALSE
1,75,76,6,309,312,FALSE
1,146,146,2,274,279,FALSE
1,146,146,6,838,840,FALSE
1,146,146,2,507,511,FALSE
1,146,146,2,692,694,FALSE
1,146,146,5,822,824,FALSE
1,146,146,6,302,304,FALSE
1,146,146,7,45,46,FALSE
1,146,146,8,457,458,FALSE
1,146,146,10,121,125,FALSE
1,146,146,11,122,124,FALSE
1,231,231,12,324,325,FALSE
1,146,146,2,336,338,FALSE
1,146,146,3,365,367,FALSE
1,146,146,11,532,535,FALSE
1,146,146,12,409,410,FALSE
1,146,146,1,441,444,FALSE
1,146,146,7,162,165,FALSE
1,231,231,1,305,312,FALSE
1,43,43,5,513,516,FALSE
1,146,146,11,483,485,FALSE
1,43,43,8,615,616,FALSE
1,146,146,7,649,654,FALSE
1,146,146,5,318,319,FALSE
1,146,146,8,617,623,FALSE
1,81,81,12,107,112,FALSE
1,146,146,9,441,443,FALSE
1,155,155,10,411,412,FALSE
1,146,146,7,523,527,FALSE
1,146,146,9,523,524,FALSE
1,146,146,12,359,360,FALSE
1,75,76,6,56,61,FALSE
1,75,76,8,694,695,FALSE
1,231,231,9,694,695,FALSE
1,81,81,3,148,152,FALSE
1,146,146,9,65,66,FALSE
1,146,146,8,325,327,FALSE
1,146,146,1,662,662,FALSE
1,72,72,6,875,877,FALSE
1,146,146,9,717,719,FALSE
1,75,76,12,742,745,FALSE
1,72,72,8,465,465,FALSE
1,146,146,10,350,352,FALSE
1,241,243,5,513,516,FALSE
1,81,81,2,589,593,FALSE
1,75,76,7,5,7,FALSE
1,75,76,12,365,367,FALSE
1,146,146,7,440,442,FALSE
1,146,146,12,176,180,FALSE
1,146,146,7,141,143,FALSE
1,146,146,8,127,130,FALSE
1,146,146,7,783,784,FALSE
1,146,146,9,27,29,FALSE
1,146,146,9,535,537,FALSE
1,146,146,9,789,792,FALSE
1,146,146,9,797,798,FALSE
1,146,146,10,657,658,FALSE
1,146,146,11,459,460,FALSE
1,146,146,12,219,221,FALSE
1,146,146,12,665,666,FALSE
1,146,146,12,689,692,FALSE
1,146,146,12,940,944,FALSE
1,146,146,10,270,271,FALSE
1,146,146,2,298,301,FALSE
1,146,146,6,777,779,FALSE
1,146,146,7,461,462,FALSE
1,146,146,10,693,701,FALSE
1,146,146,9,749,751,FALSE
1,43,43,3,630,638,FALSE
1,146,146,11,76,79,FALSE
1,146,146,1,267,271,FALSE
1,146,146,4,354,355,FALSE
1,146,146,5,596,599,FALSE
1,146,146,9,257,260,FALSE
1,146,146,10,604,605,FALSE
1,241,243,2,217,219,FALSE
1,146,146,9,342,346,FALSE
1,146,146,9,47,49,FALSE
1,146,146,9,581,585,FALSE
1,146,146,5,867,871,FALSE
1,146,146,2,471,475,FALSE
1,146,146,5,477,480,FALSE
1,146,146,8,682,683,FALSE
1,146,146,9,52,53,FALSE
1,146,146,10,101,103,FALSE
1,146,146,10,195,197,FALSE
1,146,146,6,286,289,FALSE
1,146,146,9,632,634,FALSE
1,146,146,12,856,859,FALSE
1,43,43,4,242,244,FALSE
1,75,76,9,98,103,FALSE
1,227,227,3,16,18,FALSE
1,146,146,5,358,360,FALSE
1,75,76,2,460,465,FALSE
1,250,251,10,230,234,FALSE
1,42,43,11,655,658,FALSE
1,146,146,6,298,300,FALSE
1,146,146,9,521,522,FALSE
1,146,146,7,774,777,FALSE
1,146,146,10,736,736,FALSE
1,241,243,6,779,780,FALSE
1,146,146,12,64,66,FALSE
1,81,81,5,804,811,FALSE
1,75,76,5,23,25,FALSE
1,241,243,11,487,491,FALSE
1,146,146,10,745,746,FALSE
1,146,146,12,309,310,FALSE
1,241,243,7,736,743,FALSE
1,146,146,6,447,449,FALSE
1,146,146,12,880,881,FALSE
1,146,146,6,166,167,FALSE
1,146,146,5,84,89,FALSE
1,146,146,7,448,451,FALSE
1,146,146,9,59,61,FALSE
1,43,43,12,409,410,FALSE
1,146,146,1,695,696,FALSE
1,146,146,7,761,764,FALSE
1,146,146,8,160,163,FALSE
1,146,146,8,726,728,FALSE
1,146,146,9,25,26,FALSE
1,146,146,9,595,597,FALSE
1,146,146,9,649,652,FALSE
1,146,146,12,377,378,FALSE
1,146,146,8,1,6,FALSE
1,146,146,3,55,56,FALSE
1,146,146,3,330,332,FALSE
1,146,146,10,747,751,FALSE
1,146,146,7,577,578,FALSE
1,241,243,7,789,792,FALSE
1,146,146,8,700,703,FALSE
1,146,146,12,728,730,FALSE
1,72,72,12,107,112,FALSE
1,43,43,5,433,436,FALSE
1,146,146,2,476,478,FALSE
1,43,43,11,828,831,FALSE
1,43,43,6,548,551,FALSE
1,231,231,7,812,817,FALSE
1,43,43,1,453,458,FALSE
1,75,76,11,271,274,FALSE
1,146,146,1,153,156,FALSE
1,146,146,12,509,512,FALSE
1,42,43,12,845,848,FALSE
1,146,146,5,62,63,FALSE
1,146,146,5,498,499,FALSE
1,81,81,7,199,204,FALSE
1,146,146,10,397,398,FALSE
1,146,146,8,307,309,FALSE
1,146,146,5,210,212,FALSE
1,146,146,10,723,729,FALSE
1,146,146,1,180,183,FALSE
1,146,146,1,229,233,FALSE
1,146,146,1,421,422,FALSE
1,146,146,1,438,438,FALSE
1,146,146,1,450,452,FALSE
1,146,146,1,544,545,FALSE
1,146,146,1,667,669,FALSE
1,146,146,4,393,396,FALSE
1,146,146,5,129,131,FALSE
1,146,146,5,348,349,FALSE
1,146,146,5,461,462,FALSE
1,146,146,5,485,489,FALSE
1,146,146,5,545,547,FALSE
1,146,146,5,685,686,FALSE
1,146,146,5,770,771,FALSE
1,146,146,6,210,211,FALSE
1,146,146,6,403,404,FALSE
1,146,146,6,467,468,FALSE
1,146,146,6,548,551,FALSE
1,146,146,6,703,705,FALSE
1,146,146,8,84,85,FALSE
1,146,146,8,182,183,FALSE
1,146,146,8,310,312,FALSE
1,146,146,8,606,607,FALSE
1,146,146,9,8,9,FALSE
1,146,146,9,80,83,FALSE
1,146,146,10,48,49,FALSE
1,146,146,10,808,810,FALSE
1,146,146,11,2,4,FALSE
1,146,146,11,72,75,FALSE
1,146,146,11,106,107,FALSE
1,146,146,11,169,171,FALSE
1,146,146,12,107,112,FALSE
1,146,146,12,481,483,FALSE
1,146,146,12,491,492,FALSE
1,146,146,12,505,508,FALSE
1,146,146,12,628,628,FALSE
1,146,146,12,697,700,FALSE
1,146,146,12,919,921,FALSE
1,75,76,12,892,893,FALSE
1,146,146,1,120,122,FALSE
1,146,146,6,767,770,FALSE
1,43,43,2,81,85,FALSE
1,146,146,12,298,300,FALSE
1,146,146,1,220,222,FALSE
1,146,146,6,290,294,FALSE
1,261,261,9,411,413,FALSE
1,146,146,12,887,888,FALSE
1,241,243,7,523,527,FALSE
1,146,146,3,513,514,FALSE
1,146,146,12,945,948,FALSE
1,43,43,3,441,444,FALSE
1,155,155,12,129,130,FALSE
1,146,146,9,267,270,FALSE
1,146,146,6,595,600,FALSE
1,146,146,10,209,211,FALSE
1,146,146,11,173,175,FALSE
1,146,146,10,781,783,FALSE
1,241,243,10,888,891,FALSE
1,146,146,7,793,796,FALSE
1,146,146,9,275,277,FALSE
1,146,146,2,531,532,FALSE
1,146,146,2,254,259,FALSE
1,146,146,9,171,173,FALSE
1,146,146,3,33,33,FALSE
1,146,146,3,214,215,FALSE
1,146,146,1,549,550,FALSE
1,146,146,11,908,911,FALSE
1,146,146,2,469,470,FALSE
1,146,146,10,896,897,FALSE
1,146,146,10,545,546,FALSE
1,146,146,12,387,390,FALSE
1,146,146,1,579,581,FALSE
1,146,146,12,395,397,FALSE
1,146,146,12,166,171,FALSE
1,146,146,3,570,571,FALSE
1,146,146,12,379,382,FALSE
1,241,243,12,940,944,FALSE
1,146,146,6,388,389,FALSE
1,146,146,6,587,591,FALSE
1,146,146,11,396,398,FALSE
1,146,146,12,494,499,FALSE
1,163,164,3,210,213,FALSE
1,146,146,1,689,690,FALSE
1,146,146,10,763,767,FALSE
1,146,146,6,475,476,FALSE
1,146,146,5,276,279,FALSE
1,261,261,1,305,312,FALSE
1,146,146,5,109,112,FALSE
1,146,146,10,721,722,FALSE
1,146,146,11,772,773,FALSE
1,146,146,12,326,327,FALSE
1,146,146,12,398,400,FALSE
1,146,146,2,659,663,FALSE
1,146,146,4,124,125,FALSE
1,146,146,4,165,166,FALSE
1,146,146,12,125,128,FALSE
1,146,146,12,548,552,FALSE
1,146,146,5,757,758,FALSE
1,146,146,2,40,42,FALSE
1,146,146,5,455,457,FALSE
1,146,146,6,801,803,FALSE
1,146,146,8,247,250,FALSE
1,146,146,1,699,700,FALSE
1,146,146,11,762,763,FALSE
1,146,146,11,901,902,FALSE
1,146,146,9,569,576,FALSE
1,146,146,9,696,698,FALSE
1,146,146,9,702,708,FALSE
1,146,146,10,247,248,FALSE
1,146,146,10,753,754,FALSE
1,146,146,11,573,575,FALSE
1,146,146,11,759,761,FALSE
1,146,146,12,353,358,FALSE
1,43,43,3,1,8,FALSE
1,226,226,3,317,319,FALSE
1,241,243,2,254,259,FALSE
1,146,146,2,677,678,FALSE
1,155,155,10,260,261,FALSE
1,146,146,2,710,711,FALSE
1,146,146,2,134,136,FALSE
1,75,76,3,156,159,FALSE
1,146,146,3,294,297,FALSE
1,146,146,10,862,865,FALSE
1,146,146,10,755,756,FALSE
1,146,146,8,26,27,FALSE
1,146,146,9,30,32,FALSE
1,146,146,5,446,449,FALSE
1,226,226,8,603,605,FALSE
1,146,146,1,738,740,FALSE
1,42,43,11,72,75,FALSE
1,146,146,10,707,713,FALSE
1,146,146,6,442,444,FALSE
1,146,146,7,752,755,FALSE
1,75,76,4,351,353,TRUE
1,146,146,3,11,12,FALSE
1,146,146,5,51,52,FALSE
1,146,146,8,319,320,FALSE
1,146,146,2,529,530,FALSE
1,146,146,8,225,230,FALSE
1,146,146,6,158,159,FALSE
1,146,146,8,520,523,FALSE
1,146,146,8,585,588,FALSE
1,146,146,12,383,386,FALSE
1,146,146,11,741,744,FALSE
1,146,146,11,876,878,FALSE
1,146,146,12,669,671,FALSE
1,146,146,1,677,679,FALSE
1,146,146,7,812,817,FALSE
1,146,146,5,662,663,FALSE
1,146,146,5,693,695,FALSE
1,146,146,9,551,555,FALSE
1,146,146,12,604,607,FALSE
1,146,146,10,803,808,FALSE
1,146,146,3,306,308,FALSE
1,146,146,4,203,205,FALSE
1,146,146,4,279,280,FALSE
1,146,146,9,477,480,FALSE
1,146,146,10,680,684,FALSE
1,146,146,12,742,745,FALSE
1,146,146,4,133,135,FALSE
1,146,146,11,599,601,FALSE
1,146,146,1,195,197,FALSE
1,146,146,3,344,348,FALSE
1,146,146,4,447,448,FALSE
1,146,146,6,102,103,FALSE
1,146,146,8,463,464,FALSE
1,146,146,8,530,531,FALSE
1,146,146,10,584,585,FALSE
1,146,146,12,723,724,FALSE
1,146,146,12,901,902,FALSE
1,146,146,11,677,682,FALSE
1,146,146,12,749,751,FALSE
1,155,155,5,276,279,FALSE
1,146,146,2,97,99,FALSE
1,146,146,2,761,763,FALSE
1,226,226,11,127,129,FALSE
1,146,146,9,69,72,FALSE
1,146,146,9,735,737,FALSE
1,146,146,10,786,788,FALSE
1,146,146,12,948,951,FALSE
1,231,231,9,69,72,FALSE
1,43,43,12,176,180,FALSE
1,146,146,6,89,90,FALSE
1,146,146,11,403,405,FALSE
1,146,146,12,542,545,FALSE
1,146,146,6,515,518,FALSE
1,146,146,8,110,112,FALSE
1,146,146,2,223,224,FALSE
1,146,146,2,526,529,FALSE
1,146,146,11,751,755,FALSE
1,146,146,12,4,8,FALSE
1,146,146,12,760,762,FALSE
1,146,146,2,259,264,FALSE
1,146,146,1,294,296,FALSE
1,146,146,5,35,39,FALSE
1,146,146,9,668,671,FALSE
1,146,146,2,413,415,FALSE
1,146,146,3,342,343,FALSE
1,146,146,5,370,374,FALSE
1,146,146,9,154,155,FALSE
1,146,146,12,438,440,FALSE
1,146,146,5,67,70,FALSE
1,146,146,2,598,600,FALSE
1,146,146,4,261,264,FALSE
1,146,146,7,736,743,FALSE
1,146,146,9,431,432,FALSE
1,72,72,5,804,811,FALSE
1,146,146,11,766,767,FALSE
1,146,146,12,260,263,FALSE
1,146,146,5,738,739,FALSE
1,146,146,12,406,407,FALSE
1,146,146,5,570,572,FALSE
1,146,146,7,107,111,FALSE
1,146,146,9,310,312,FALSE
1,146,146,9,683,686,FALSE
1,226,226,5,353,356,FALSE
1,226,226,6,95,96,FALSE
1,146,146,1,97,101,FALSE
1,146,146,7,723,730,FALSE
1,146,146,8,314,318,FALSE
1,146,146,8,364,365,FALSE
1,146,146,9,61,64,FALSE
1,146,146,9,792,796,FALSE
1,146,146,11,552,555,FALSE
1,146,146,12,614,619,FALSE
1,146,146,3,682,683,FALSE
1,146,146,5,667,669,FALSE
1,146,146,8,342,344,FALSE
1,146,146,10,308,309,FALSE
1,146,146,10,897,898,FALSE
1,146,146,11,518,519,FALSE
1,146,146,11,612,615,FALSE
1,146,146,11,869,871,FALSE
1,146,146,12,661,662,FALSE
1,146,146,12,783,785,FALSE
1,146,146,12,788,790,FALSE
1,307,307,1,76,77,FALSE
1,307,307,1,229,233,FALSE
1,307,307,1,407,408,FALSE
1,307,307,1,516,518,FALSE
1,307,307,1,603,605,FALSE
1,307,307,1,745,746,FALSE
1,307,307,2,70,72,FALSE
1,307,307,2,100,101,FALSE
1,307,307,2,595,595,FALSE
1,307,307,2,745,746,FALSE
1,307,307,2,776,777,FALSE
1,307,307,3,41,41,FALSE
1,307,307,3,56,57,FALSE
1,307,307,3,339,339,FALSE
1,307,307,3,480,481,FALSE
1,307,307,4,43,44,FALSE
1,307,307,4,65,66,FALSE
1,307,307,4,235,236,FALSE
1,307,307,4,271,271,FALSE
1,307,307,4,283,283,FALSE
1,307,307,4,311,314,FALSE
1,307,307,4,314,319,FALSE
1,307,307,4,325,325,FALSE
1,307,307,4,368,368,FALSE
1,307,307,4,382,384,FALSE
1,307,307,4,412,412,FALSE
1,307,307,4,413,415,FALSE
1,307,307,4,534,534,FALSE
1,307,307,4,543,546,FALSE
1,307,307,4,595,595,FALSE
1,307,307,4,677,677,FALSE
1,307,307,5,5,7,FALSE
1,307,307,5,410,411,FALSE
1,307,307,5,687,690,FALSE
1,307,307,5,850,851,FALSE
1,307,307,6,122,123,FALSE
1,307,307,6,317,318,FALSE
1,307,307,6,388,389,FALSE
1,307,307,6,528,528,FALSE
1,307,307,6,601,601,FALSE
1,307,307,6,694,694,FALSE
1,307,307,7,195,197,FALSE
1,307,307,7,302,303,FALSE
1,307,307,7,365,366,FALSE
1,307,307,8,15,17,FALSE
1,307,307,8,395,395,FALSE
1,307,307,8,483,484,FALSE
1,307,307,9,12,12,FALSE
1,307,307,9,94,94,FALSE
1,307,307,9,190,191,FALSE
1,307,307,9,226,228,FALSE
1,307,307,9,399,399,FALSE
1,307,307,10,19,19,FALSE
1,307,307,10,36,38,FALSE
1,307,307,10,55,58,FALSE
1,307,307,10,63,64,FALSE
1,307,307,10,77,78,FALSE
1,307,307,10,79,80,FALSE
1,307,307,10,87,87,FALSE
1,307,307,10,611,612,FALSE
1,307,307,10,628,629,FALSE
1,307,307,10,672,672,FALSE
1,307,307,10,675,675,FALSE
1,307,307,10,825,826,FALSE
1,307,307,10,878,879,FALSE
1,307,307,10,900,900,FALSE
1,307,307,11,175,175,FALSE
1,307,307,11,344,345,FALSE
1,307,307,11,360,361,FALSE
1,307,307,11,373,375,FALSE
1,307,307,11,386,387,FALSE
1,307,307,11,389,389,FALSE
1,307,307,11,705,706,FALSE
1,307,307,12,40,41,FALSE
1,307,307,12,425,425,FALSE
1,307,307,12,486,486,FALSE
1,307,307,12,620,620,FALSE
1,307,307,12,637,637,FALSE
1,307,307,12,793,793,FALSE
1,307,307,12,796,796,FALSE
1,307,307,12,797,798,FALSE
1,307,307,12,872,872,FALSE
1,307,307,12,873,873,FALSE
1,307,307,12,889,889,FALSE